              precision    recall  f1-score   support

      B-ADJP     0.7015    0.6620    0.6812        71
      B-ADVP     0.7258    0.5921    0.6522        76
        B-NP     0.7430    0.8333    0.7856       222
        B-VP     0.7500    0.8060    0.7770       134
      I-ADJP     0.2500    0.2000    0.2222        10
      I-ADVP     0.6000    0.4737    0.5294        19
        I-NP     0.7363    0.6979    0.7166        96
        I-VP     0.6667    0.3810    0.4848        21
           O     0.9733    0.9799    0.9766       149

    accuracy                         0.7732       798
   macro avg     0.6829    0.6251    0.6473       798
weighted avg     0.7694    0.7732    0.7684       798
